T_b_c0: 
 0.0110498  0.0408522   0.998504  0.0746576
  -0.99896  -0.026463  0.0115557   0.038873
 0.0275176  -0.998191  0.0411579 -0.0265656
         0          0          0          1
T_b_c1: 
 0.0140929  0.0402114   0.998639  0.0766325
 -0.999064 -0.0266885  0.0147332 -0.0573487
 0.0277153  -0.998363  0.0402805 -0.0239097
         0          0          0          1
theta_b_c0:  1.58186 -3.11406  1.61139
t_b_c0:  0.0746576   0.038873 -0.0265656
theta_b_c1:   1.5849 -3.11386  1.61066
t_b_c1:  0.0766325 -0.0573487 -0.0239097
T_b_i: 
   0.999312 -0.00642989  -0.0365201  -0.0148643
 0.00792197    0.999133   0.0408598 -0.00350622
  0.0362257   -0.041121    0.998497   0.0289043
          0           0           0           1
gyro_bias:   0.0010504 0.000369959  0.00206875
accel_bias: -0.054921  0.202953 0.0132924
g: 0.0600364 0.0462513   9.75633
T_b_i: 
   0.999312 -0.00642989  -0.0365201  -0.0148643
 0.00792197    0.999133   0.0408598 -0.00350622
  0.0362257   -0.041121    0.998497   0.0289043
          0           0           0           1
theta_b_i: 0.00792725 -0.0362336 -0.0411596
t_b_i:  -0.0148643 -0.00350622   0.0289043
T_i_c0: 
0.00412529 0.00445426     0.9994  0.0877866
 -0.999297  0.0143439   0.003433  0.0440479
-0.0137446  -0.999265 0.00510278 -0.0569243
         0          0          0          1
T_i_c1: 
0.00717267 0.00380594   0.999528  0.0890942
 -0.999429  0.0141297 0.00664297 -0.0522123
-0.0136625  -0.999422 0.00435159 -0.0582761
         0          0          0          1
theta_i_c0: 1.57492 3.12784 1.57531
t_i_c0:  0.0877866  0.0440479 -0.0569243
theta_i_c1: 1.57797 3.12792 1.57471
t_i_c1:  0.0890942 -0.0522123 -0.0582761
