T_b_c0: 
 0.0110498  0.0408522   0.998504  0.0746576
  -0.99896  -0.026463  0.0115557   0.038873
 0.0275176  -0.998191  0.0411579 -0.0265656
         0          0          0          1
T_b_c1: 
 0.0140929  0.0402114   0.998639  0.0766325
 -0.999064 -0.0266885  0.0147332 -0.0573487
 0.0277153  -0.998363  0.0402805 -0.0239097
         0          0          0          1
theta_b_c0:  1.58186 -3.11406  1.61139
t_b_c0:  0.0746576   0.038873 -0.0265656
theta_b_c1:   1.5849 -3.11386  1.61066
t_b_c1:  0.0766325 -0.0573487 -0.0239097
T_b_i: 
  0.998836 -0.0166224 -0.0452848 -0.0163367
 0.0183415   0.999116  0.0378135 0.00561957
 0.0446163 -0.0386001   0.998258  0.0248051
         0          0          0          1
gyro_bias: 0.00158393 0.00128313 0.00203713
accel_bias: 0.0334251   0.18644 -0.127642
g: 0.0502178 -0.120239   9.89261
T_b_i: 
  0.998836 -0.0166224 -0.0452848 -0.0163367
 0.0183415   0.999116  0.0378135 0.00561957
 0.0446163 -0.0386001   0.998258  0.0248051
         0          0          0          1
theta_b_i:  0.0183608 -0.0446311 -0.0386482
t_b_i: -0.0163367 0.00561957  0.0248051
T_i_c0: 
-0.00605776 -0.00421633     0.99939   0.0892063
  -0.999323   0.0114116 -0.00664073   0.0336944
 -0.0108049   -0.999303  -0.0036939  -0.0541445
          0           0           0           1
T_i_c1: 
-0.00301125 -0.00486813    0.999544   0.0895326
  -0.999485   0.0112035 -0.00343441  -0.0625776
 -0.0107492   -0.999454 -0.00445575  -0.0552211
          0           0           0           1
theta_i_c0: 1.56473 3.13078 1.56651
t_i_c0:  0.0892063  0.0336944 -0.0541445
theta_i_c1: 1.56778 3.13084 1.56589
t_i_c1:  0.0895326 -0.0625776 -0.0552211
