T_b_c0: 
    0.0176  0.0331022   0.998733  0.0822216
 -0.998925 -0.0255415   0.017895  0.0408614
   0.02669  -0.998536  0.0332145 -0.0289304
         0          0          0          1
T_b_c1: 
 0.0199165  0.0328178   0.998786  0.0845475
 -0.998963 -0.0257662  0.0202969 -0.0549875
 0.0268991   -0.99863   0.032775 -0.0266592
         0          0          0          1
theta_b_c0:  1.58841 -3.11488  1.60347
t_b_c0:  0.0822216  0.0408614 -0.0289304
theta_b_c1:  1.59073 -3.11468  1.60312
t_b_c1:  0.0845475 -0.0549875 -0.0266592
T_b_i: 
   0.999595  -0.0200145  -0.0202497  -0.0144816
  0.0200664    0.999796  0.00236398   0.0199221
  0.0201982 -0.00276936    0.999792   0.0270063
          0           0           0           1
gyro_bias: 0.000336737 -0.00136662  0.00199985
accel_bias:   -0.043276   0.0103588 -0.00323468
g:  -0.625351 -0.0777681    9.74673
T_b_i: 
   0.999595  -0.0200145  -0.0202497  -0.0144816
  0.0200664    0.999796  0.00236398   0.0199221
  0.0201982 -0.00276936    0.999792   0.0270063
          0           0           0           1
theta_b_i:   0.0200718  -0.0201996 -0.00276993
t_b_i: -0.0144816  0.0199221  0.0270063
T_i_c0: 
-0.00191283   0.0124075    0.999358   0.0959543
  -0.999147  -0.0234335 -0.00218976   0.0191545
  0.0239666   -0.999059   0.0130259  -0.0578338
          0           0           0           1
T_i_c1: 
0.000406172   0.0121169    0.999451   0.0964018
  -0.999233  -0.0236522 0.000211804  -0.0767277
  0.0241287   -0.999148    0.012591  -0.0558368
          0           0           0           1
T_c0_i: 
 -0.0024972    -1.00029   0.0234313   0.0207547
  0.0129845  -0.0240171    -1.00022  -0.0586322
    1.00048 -0.00161642    0.012463  -0.0952483
          0           0           0           1
T_c1_i: 
-8.63075e-05      -1.0002     0.023676   -0.0754124
   0.0126047   -0.0241452     -1.00013   -0.0589116
      1.0004    0.0006992    0.0121155   -0.0957099
           0            0            0            1
theta_i_c0:  1.56888 -3.11761  1.58326
t_i_c0:  0.0959543  0.0191545 -0.0578338
theta_i_c1:   1.5712 -3.11745  1.58291
t_i_c1:  0.0964018 -0.0767277 -0.0558368
