T_b_c0: 
  0.0144157   0.0292996    0.997566   0.0744809
   -0.99792 -0.00999418   0.0128446   0.0378204
  0.0122908   -0.997573   0.0310715  -0.0240471
          0           0           0           1
T_b_c1: 
 0.0158613  0.0287822   0.999147  0.0761486
 -0.999486 -0.0115025  0.0158893 -0.0581255
 0.0122713  -0.999198  0.0289104 -0.0227659
         0          0          0          1
theta_b_c0:  1.58524 -3.12928  1.60001
t_b_c0:  0.0744809  0.0378204 -0.0240471
theta_b_c1:  1.58666 -3.12932  1.59941
t_b_c1:  0.0761486 -0.0581255 -0.0227659
T_b_i: 
   0.999719 8.86493e-05  -0.0236929  -0.0324037
   0.001073    0.998798   0.0490123   0.0298299
  0.0236688   -0.049024    0.998517  -0.0251569
          0           0           0           1
gyro_bias:  0.00159565 -0.00101845  0.00153608
accel_bias: -0.195624  0.438164 0.0983856
g:   0.261268 -0.0288886    9.63498
T_b_i: 
   0.999719 8.86493e-05  -0.0236929  -0.0324037
   0.001073    0.998798   0.0490123   0.0298299
  0.0236688   -0.049024    0.998517  -0.0251569
          0           0           0           1
theta_b_i:  0.0010733  -0.023671 -0.0490574
t_b_i: -0.0324037  0.0298299 -0.0251569
T_i_c0: 
  0.0136318  0.00566931    0.998035    0.106889
  -0.997322   0.0389255   0.0113943  0.00793598
 -0.0369794   -0.997278  0.00801978 -0.00103269
          0           0           0           1
T_i_c1: 
 0.0150748 0.00511198   0.999568   0.108484
 -0.998885  0.0374986  0.0145415 -0.0879572
-0.0371098  -0.998962 0.00597366 -0.0044954
         0          0          0          1
theta_i_c0: 1.58446 3.10453 1.57701
t_i_c0:    0.106889  0.00793598 -0.00103269
theta_i_c1: 1.58589 3.10446 1.57648
t_i_c1:   0.108484 -0.0879572 -0.0044954
