T_b_c0: 
    0.0176  0.0331022   0.998733  0.0822216
 -0.998925 -0.0255415   0.017895  0.0408614
   0.02669  -0.998536  0.0332145 -0.0289304
         0          0          0          1
T_b_c1: 
 0.0199165  0.0328178   0.998786  0.0845475
 -0.998963 -0.0257662  0.0202969 -0.0549875
 0.0268991   -0.99863   0.032775 -0.0266592
         0          0          0          1
theta_b_c0:  1.58841 -3.11488  1.60347
t_b_c0:  0.0822216  0.0408614 -0.0289304
theta_b_c1:  1.59073 -3.11468  1.60312
t_b_c1:  0.0845475 -0.0549875 -0.0266592
T_b_i: 
   0.999768   0.0167469   0.0135536   0.0678431
 -0.0167645    0.999859  0.00118225   0.0095265
 -0.0135319 -0.00140919    0.999907   0.0152484
          0           0           0           1
gyro_bias:  0.00082478 0.000376251  0.00189694
accel_bias: -0.0111157  0.0343718 0.00765271
g:  0.0951161 -0.0423965    9.79337
T_b_i: 
   0.999768   0.0167469   0.0135536   0.0678431
 -0.0167645    0.999859  0.00118225   0.0095265
 -0.0135319 -0.00140919    0.999907   0.0152484
          0           0           0           1
theta_b_i: 3.12483 3.12806 3.14018
t_b_i: 0.0678431 0.0095265 0.0152484
T_i_c0: 
 0.0339812  0.0470347   0.997751  0.0144476
 -0.998526 -0.0235764  0.0345714  0.0316335
 0.0257451  -0.998025   0.046769 -0.0439428
         0          0          0          1
T_i_c1: 
  0.036295  0.0467555   0.997771  0.0183491
 -0.998527 -0.0238057  0.0369745 -0.0641661
 0.0259856  -0.998124  0.0463331 -0.0417537
         0          0          0          1
T_c0_i: 
 0.0334576  -0.999688  0.0251925  0.0322473
 0.0476715 -0.0241391  -0.999162 -0.0438311
  0.998867  0.0351851  0.0462432 -0.0135122
         0          0          0          1
T_c1_i: 
 0.0358539  -0.999508  0.0255182 -0.0637269
 0.0472939  -0.024281  -0.999085 -0.0441413
  0.998714   0.037496  0.0458888 -0.0140035
         0          0          0          1
theta_i_c0:  1.60481 -3.11583  1.61705
t_i_c0:  0.0144476  0.0316335 -0.0439428
theta_i_c1:  1.60713 -3.11559  1.61669
t_i_c1:  0.0183491 -0.0641661 -0.0417537
