T_b_c0: 
    0.0176  0.0331022   0.998733  0.0822216
 -0.998925 -0.0255415   0.017895  0.0408614
   0.02669  -0.998536  0.0332145 -0.0289304
         0          0          0          1
T_b_c1: 
 0.0199165  0.0328178   0.998786  0.0845475
 -0.998963 -0.0257662  0.0202969 -0.0549875
 0.0268991   -0.99863   0.032775 -0.0266592
         0          0          0          1
theta_b_c0:  1.58841 -3.11488  1.60347
t_b_c0:  0.0822216  0.0408614 -0.0289304
theta_b_c1:  1.59073 -3.11468  1.60312
t_b_c1:  0.0845475 -0.0549875 -0.0266592
T_b_i: 
   0.998823 -0.00969714  -0.0475344  0.00277615
  0.0109683    0.999587   0.0265548   0.0203252
  0.0472573  -0.0270449    0.998517   0.0523465
          0           0           0           1
gyro_bias:  0.00237609 0.000261856  0.00108458
accel_bias: -0.170116  0.375378  0.131392
g:  -0.307568 0.00507501    9.61014
T_b_i: 
   0.998823 -0.00969714  -0.0475344  0.00277615
  0.0109683    0.999587   0.0265548   0.0203252
  0.0472573  -0.0270449    0.998517   0.0523465
          0           0           0           1
theta_b_i:  0.0109808 -0.0472749 -0.0270785
t_b_i: 0.00277615  0.0203252  0.0523465
