T_b_c0: 
 0.0110498  0.0408522   0.998504  0.0746576
  -0.99896  -0.026463  0.0115557   0.038873
 0.0275176  -0.998191  0.0411579 -0.0265656
         0          0          0          1
T_b_c1: 
 0.0140929  0.0402114   0.998639  0.0766325
 -0.999064 -0.0266885  0.0147332 -0.0573487
 0.0277153  -0.998363  0.0402805 -0.0239097
         0          0          0          1
theta_b_c0:  1.58186 -3.11406  1.61139
t_b_c0:  0.0746576   0.038873 -0.0265656
theta_b_c1:   1.5849 -3.11386  1.61066
t_b_c1:  0.0766325 -0.0573487 -0.0239097
T_b_i: 
   0.998381   -0.045494  -0.0341361   0.0115802
  0.0454279    0.998964 -0.00271065  -0.0103495
  0.0342241  0.00115553    0.999414   0.0385199
          0           0           0           1
gyro_bias: 0.00752889  0.0224706  0.0153283
accel_bias:  -0.101657 -0.0353614 0.00789971
g:  0.146127 -0.139729   9.70291
T_b_i: 
   0.998381   -0.045494  -0.0341361   0.0115802
  0.0454279    0.998964 -0.00271065  -0.0103495
  0.0342241  0.00115553    0.999414   0.0385199
          0           0           0           1
theta_b_i:  0.0454701 -0.0342307 0.00115621
t_b_i:  0.0115802 -0.0103495  0.0385199
T_i_c0: 
 -0.033407 0.00542175   0.998821  0.0629838
 -0.998396 -0.0294476 -0.0338346  0.0462267
 0.0298321  -0.998929 0.00701742 -0.0673341
         0          0          0          1
T_i_c1: 
-0.0303667 0.00476591    0.99907  0.0606753
 -0.998638 -0.0296439 -0.0306675 -0.0499821
 0.0299261  -0.999078  0.0061273 -0.0644863
         0          0          0          1
theta_i_c0:  1.53735 -3.11174   1.5772
t_i_c0:  0.0629838  0.0462267 -0.0673341
theta_i_c1:   1.5404 -3.11165  1.57646
t_i_c1:  0.0606753 -0.0499821 -0.0644863
