T_b_c0: 
    0.0176  0.0331022   0.998733  0.0822216
 -0.998925 -0.0255415   0.017895  0.0408614
   0.02669  -0.998536  0.0332145 -0.0289304
         0          0          0          1
T_b_c1: 
 0.0199165  0.0328178   0.998786  0.0845475
 -0.998963 -0.0257662  0.0202969 -0.0549875
 0.0268991   -0.99863   0.032775 -0.0266592
         0          0          0          1
theta_b_c0:  1.58841 -3.11488  1.60347
t_b_c0:  0.0822216  0.0408614 -0.0289304
theta_b_c1:  1.59073 -3.11468  1.60312
t_b_c1:  0.0845475 -0.0549875 -0.0266592
T_b_i: 
   0.999554  -0.0129056  -0.0269274 -0.00482753
  0.0136767    0.999496   0.0286533  0.00480918
   0.026544  -0.0290088    0.999227   0.0366647
          0           0           0           1
gyro_bias:  0.00271581 0.000577544  0.00204315
accel_bias: -0.0866504  0.0808183  0.0621287
g: -0.232746  0.252862    9.7022
T_b_i: 
   0.999554  -0.0129056  -0.0269274 -0.00482753
  0.0136767    0.999496   0.0286533  0.00480918
   0.026544  -0.0290088    0.999227   0.0366647
          0           0           0           1
theta_b_i:   0.013682 -0.0265471 -0.0290231
t_b_i: -0.00482753  0.00480918   0.0366647
T_i_c0: 
 0.00463862  0.00623292    0.999414   0.0857622
  -0.999422   0.0030105  0.00403322   0.0368134
-0.00242706   -0.999387  0.00680836  -0.0668554
          0           0           0           1
T_i_c1: 
  0.0069591  0.00594311    0.999489   0.0868364
  -0.999497  0.00279232  0.00644598   -0.059083
-0.00228154    -0.99948  0.00643654   -0.067395
          0           0           0           1
T_c0_i: 
0.00405818   -1.00055 -0.0029887  0.0362859
0.00680626 0.00246142   -1.00056 -0.0675674
   1.00053 0.00462855 0.00625396 -0.0855596
         0          0          0          1
T_c1_i: 
 0.00646994    -1.00045 -0.00275656  -0.0598573
 0.00642787  0.00232853    -1.00048  -0.0678476
    1.00043  0.00695196  0.00596817  -0.0860607
          0           0           0           1
theta_i_c0: 1.57544 3.13916 1.57705
t_i_c0:  0.0857622  0.0368134 -0.0668554
theta_i_c1: 1.57776 3.13931 1.57676
t_i_c1: 0.0868364 -0.059083 -0.067395
