T_b_c0: 
 0.0110498  0.0408522   0.998504  0.0746576
  -0.99896  -0.026463  0.0115557   0.038873
 0.0275176  -0.998191  0.0411579 -0.0265656
         0          0          0          1
T_b_c1: 
 0.0140929  0.0402114   0.998639  0.0766325
 -0.999064 -0.0266885  0.0147332 -0.0573487
 0.0277153  -0.998363  0.0402805 -0.0239097
         0          0          0          1
theta_b_c0:  1.58186 -3.11406  1.61139
t_b_c0:  0.0746576   0.038873 -0.0265656
theta_b_c1:   1.5849 -3.11386  1.61066
t_b_c1:  0.0766325 -0.0573487 -0.0239097
T_b_i: 
   0.999901 -0.00978844   0.0101213  -0.0244948
 0.00903599    0.997372   0.0718897   0.0303732
 -0.0107984  -0.0717911    0.997361   -0.028293
          0           0           0           1
gyro_bias:  0.00128856 0.000213973  0.00245372
accel_bias: -0.157402  0.390276  0.185143
g: 0.50683 0.07161   9.612
T_b_i: 
   0.999901 -0.00978844   0.0101213  -0.0244948
 0.00903599    0.997372   0.0718897   0.0303732
 -0.0107984  -0.0717911    0.997361   -0.028293
          0           0           0           1
theta_b_i: 0.00903664  0.0107986 -0.0718571
t_b_i: -0.0244948  0.0303732  -0.028293
T_i_c0: 
0.00172493  0.0513879   0.998065  0.0992007
 -0.998418  0.0448679 -0.0012032 0.00738293
-0.0442581  -0.997046  0.0519862 0.00333737
         0          0          0          1
T_i_c1: 
  0.0047647    0.050747    0.998238    0.100277
  -0.998566   0.0446616  0.00202762  -0.0887958
 -0.0440376    -0.99724   0.0513409 -0.00091104
          0           0           0           1
theta_i_c0: 1.57252 3.09729 1.62232
t_i_c0:  0.0992007 0.00738293 0.00333737
theta_i_c1: 1.57557 3.09752  1.6218
t_i_c1:    0.100277  -0.0887958 -0.00091104
