T_b_c0: 
 0.0330644  0.0240532   0.998134   0.121891
 -0.997898  0.0342122   0.031194  0.0437449
-0.0323705  -0.998096  0.0261542 -0.0369198
         0          0          0          1
T_b_c1: 
 0.0331675  0.0229016   0.998302   0.128303
 -0.998062  0.0333473  0.0315012 -0.0493692
-0.0316853  -0.998296  0.0248396 -0.0399213
         0          0          0          1
T_b_i: 
   0.998657  -0.0514459 -0.00620287  0.00872284
  0.0511733    0.997962  -0.0381286   0.0198566
 0.00815178     0.03776    0.999254 -0.00114384
          0           0           0           1
gyro_bias:  0.000389039 -1.37133e-05  0.000730125
accel_bias:  0.0187902  0.0549228 -0.0241942
g:  0.275086 -0.363238   9.80579
T_i_c0: 
 -0.0183096   0.0176354    0.998602    0.113947
  -0.998788 -0.00478304  -0.0192319   0.0166667
 0.00549711   -0.998805    0.018754   -0.037362
          0           0           0           1
T_i_c1: 
 -0.0182095   0.0164394    0.998775    0.115561
   -0.99893 -0.00559451  -0.0189837  -0.0767008
 0.00618736   -0.998965   0.0174276  -0.0368508
          0           0           0           1
