T_b_c0: 
  -0.0016454    0.0372921     0.999568    0.0882473
    -1.00026 -0.000652541  -0.00136746    0.0442963
 0.000336865    -0.999569    0.0370282   -0.0265046
           0            0            0            1
T_b_c1: 
  0.00193109    0.0363562     0.999249    0.0884819
    -0.99991 -0.000128103   0.00185238   -0.0518885
 0.000283103    -0.999251    0.0364436   -0.0261008
           0            0            0            1
T_b_i: 
   0.999283  -0.0325178  -0.0194184  0.00551474
  0.0325374     0.99947  0.00069195  0.00870191
  0.0193856 -0.00132328    0.999811   0.0357223
          0           0           0           1
gyro_bias: 0.000962405 0.000753776  0.00151107
accel_bias: -0.00160874   0.0467228  -0.0288309
g:  -0.145226 -0.0874274    9.82823
T_i_c0: 
  -0.0341836    0.0178668     0.999524    0.0826251
    -0.99968 -0.000542145   -0.0339195    0.0329676
 -0.00032338      -1.0001    0.0176102    -0.063797
           0            0            0            1
T_i_c1: 
  -0.0305993    0.0169549     0.999299    0.0797377
   -0.999444  1.20266e-05   -0.0306902   -0.0631744
-0.000446337    -0.999768    0.0170341   -0.0634644
           0            0            0            1
