T_b_c0: 
    0.0176  0.0331022   0.998733  0.0822216
 -0.998925 -0.0255415   0.017895  0.0408614
   0.02669  -0.998536  0.0332145 -0.0289304
         0          0          0          1
T_b_c1: 
 0.0199165  0.0328178   0.998786  0.0845475
 -0.998963 -0.0257662  0.0202969 -0.0549875
 0.0268991   -0.99863   0.032775 -0.0266592
         0          0          0          1
theta_b_c0:  1.58841 -3.11488  1.60347
t_b_c0:  0.0822216  0.0408614 -0.0289304
theta_b_c1:  1.59073 -3.11468  1.60312
t_b_c1:  0.0845475 -0.0549875 -0.0266592
T_b_i: 
   0.999711  -0.0180232  -0.0159287 -0.00826242
  0.0183839    0.999571   0.0227921   0.0434024
  0.0155111  -0.0230784    0.999613    0.023807
          0           0           0           1
gyro_bias: 0.000554057 0.000319567 0.000966584
accel_bias: -0.0732924  0.0599467  0.0226476
g: -0.121681  0.111539   9.72555
T_b_i: 
   0.999711  -0.0180232  -0.0159287 -0.00826242
  0.0183839    0.999571   0.0227921   0.0434024
  0.0155111  -0.0230784    0.999613    0.023807
          0           0           0           1
theta_b_i:  0.0183871 -0.0155117 -0.0230832
t_b_i: -0.00826242   0.0434024    0.023807
T_i_c0: 
-0.000355188    0.0171347     0.999288    0.0895931
   -0.999429  -0.00308258 -0.000879631  -0.00295367
   0.0036317     -0.99926    0.0177011   -0.0542162
           0            0            0            1
T_i_c1: 
 0.00196316   0.0168448    0.999379   0.0901915
  -0.999515 -0.00329989  0.00153042  -0.0988558
 0.00380301   -0.999354   0.0173156  -0.0541676
          0           0           0           1
T_c0_i: 
-0.000935141     -1.00056   0.00307056  -0.00270506
    0.017718  -0.00364162     -1.00043   -0.0558375
     1.00041 -0.000293198    0.0171553   -0.0887005
           0            0            0            1
T_c1_i: 
0.00147443   -1.00047 0.00332843 -0.0988549
  0.017338 -0.0037721   -1.00034 -0.0561227
   1.00033 0.00202889  0.0168545 -0.0891073
         0          0          0          1
theta_i_c0:  1.57044 -3.13796  1.58794
t_i_c0:   0.0895931 -0.00295367  -0.0542162
theta_i_c1:  1.57276 -3.13779  1.58764
t_i_c1:  0.0901915 -0.0988558 -0.0541676
