T_b_c0: 
    0.0176  0.0331022   0.998733  0.0822216
 -0.998925 -0.0255415   0.017895  0.0408614
   0.02669  -0.998536  0.0332145 -0.0289304
         0          0          0          1
T_b_c1: 
 0.0199165  0.0328178   0.998786  0.0845475
 -0.998963 -0.0257662  0.0202969 -0.0549875
 0.0268991   -0.99863   0.032775 -0.0266592
         0          0          0          1
theta_b_c0:  1.58841 -3.11488  1.60347
t_b_c0:  0.0822216  0.0408614 -0.0289304
theta_b_c1:  1.59073 -3.11468  1.60312
t_b_c1:  0.0845475 -0.0549875 -0.0266592
T_b_i: 
  0.999265 -0.0188838 -0.0333652 0.00846628
 0.0196993   0.999511  0.0242836 -0.0010544
 0.0328903  -0.024923   0.999148  0.0419416
         0          0          0          1
gyro_bias:  0.00115731 0.000289268  0.00148213
accel_bias: -0.00305804   0.0117726 -0.00891749
g: 0.076379 0.064215  9.80486
T_b_i: 
  0.999265 -0.0188838 -0.0333652 0.00846628
 0.0196993   0.999511  0.0242836 -0.0010544
 0.0328903  -0.024923   0.999148  0.0419416
         0          0          0          1
theta_b_i:  0.0197112 -0.0328962 -0.0249391
t_b_i: 0.00846628 -0.0010544  0.0419416
T_i_c0: 
  -0.0012132 -0.000267495     0.999443    0.0721958
   -0.999434  -0.00126756  -0.00180148    0.0422688
  0.00182252     -0.99941  0.000297892   -0.0722547
           0            0            0            1
T_i_c1: 
  0.00110771 -0.000559173      0.99953    0.0727065
   -0.999521  -0.00148444  0.000609197   -0.0536337
  0.00195328      -0.9995  -8.4739e-05   -0.0723906
           0            0            0            1
T_c0_i: 
-0.00180387    -1.00056  0.00126951   0.0425145
0.000294944 -0.00182498    -1.00059  -0.0722413
    1.00055 -0.00121504 -0.00026626  -0.0722037
          0           0           0           1
T_c1_i: 
 0.000609899     -1.00048   0.00148554    -0.053596
-8.36293e-05  -0.00195528      -1.0005   -0.0725253
     1.00047   0.00110766  -0.00056136   -0.0727219
           0            0            0            1
theta_i_c0:  1.56958 -3.13977  1.57053
t_i_c0:  0.0721958  0.0422688 -0.0722547
theta_i_c1:   1.5719 -3.13964  1.57024
t_i_c1:  0.0727065 -0.0536337 -0.0723906
