T_b_c0: 
0.00277263  0.0337058   0.998402  0.0473659
 -0.998828 -0.0158288 0.00231486  0.0456563
 0.0169248  -0.998261   0.034699 -0.0146236
         0          0          0          1
T_b_c1: 
0.00381104  0.0331315    1.00028  0.0480355
  -1.00069 -0.0170505  0.0051877 -0.0502427
 0.0163754   -1.00016  0.0322136  -0.012808
         0          0          0          1
theta_b_c0:  1.57357 -3.12465   1.6045
t_b_c0:  0.0473659  0.0456563 -0.0146236
theta_b_c1:   1.5746 -3.12523  1.60384
t_b_c1:  0.0480355 -0.0502427  -0.012808
T_b_i: 
   0.999547 -0.00702208  -0.0292586  -0.0130239
 0.00747968    0.999851   0.0155597  -0.0123516
  0.0291449  -0.0157715    0.999451   0.0149235
          0           0           0           1
gyro_bias: 0.000811209  0.00117313  0.00193017
accel_bias: -0.0388071   0.178496  0.0322318
g: 0.047672 -0.24961  9.75306
T_b_i: 
   0.999547 -0.00702208  -0.0292586  -0.0130239
 0.00747968    0.999851   0.0155597  -0.0123516
  0.0291449  -0.0157715    0.999451   0.0149235
          0           0           0           1
theta_b_i: 0.00748293 -0.0291491 -0.0157788
t_b_i: -0.0130239 -0.0123516  0.0149235
T_i_c0: 
 -0.00420627   0.00447788     0.998979    0.0599352
   -0.998965 -0.000319028  -0.00524361    0.0580411
  0.00129296    -0.998946    0.0055042   -0.0303952
           0            0            0            1
T_i_c1: 
-0.00319829   0.0038394      1.0008   0.0599402
   -1.00083 -0.00150664 -0.00234517  -0.0378769
0.000684471    -1.00084  0.00300996  -0.0300923
          0           0           0           1
theta_i_c0: 1.56659 -3.1403 1.57528
t_i_c0:  0.0599352  0.0580411 -0.0303952
theta_i_c1:   1.5676 -3.14091  1.57464
t_i_c1:  0.0599402 -0.0378769 -0.0300923
