T_b_c0: 
    0.0176  0.0331022   0.998733  0.0822216
 -0.998925 -0.0255415   0.017895  0.0408614
   0.02669  -0.998536  0.0332145 -0.0289304
         0          0          0          1
T_b_c1: 
 0.0199165  0.0328178   0.998786  0.0845475
 -0.998963 -0.0257662  0.0202969 -0.0549875
 0.0268991   -0.99863   0.032775 -0.0266592
         0          0          0          1
theta_b_c0:  1.58841 -3.11488  1.60347
t_b_c0:  0.0822216  0.0408614 -0.0289304
theta_b_c1:  1.59073 -3.11468  1.60312
t_b_c1:  0.0845475 -0.0549875 -0.0266592
T_b_i: 
   0.999789   0.0187074  0.00852773   0.0365674
 -0.0187398    0.999817  0.00373317  -0.0327404
-0.00845634 -0.00389219    0.999957    0.026757
          0           0           0           1
gyro_bias: 0.000741899 0.000236577  0.00134366
accel_bias: -0.0165022  0.0062514 0.00299092
g: 0.0168842 0.0310676   9.79067
T_b_i: 
   0.999789   0.0187074  0.00852773   0.0365674
 -0.0187398    0.999817  0.00373317  -0.0327404
-0.00845634 -0.00389219    0.999957    0.026757
          0           0           0           1
theta_b_i: 3.12285 3.13314  3.1377
t_b_i:  0.0365674 -0.0327404   0.026757
T_i_c0: 
 0.0360902  0.0420178   0.997905  0.0447362
 -0.998517 -0.0210311  0.0364461  0.0746592
 0.0231097  -0.998306  0.0417968  -0.055021
         0          0          0          1
T_i_c1: 
 0.0384052  0.0417385   0.997918  0.0488385
 -0.998513 -0.0212607  0.0388503 -0.0211375
 0.0233385  -0.998404  0.0413667 -0.0530879
         0          0          0          1
T_c0_i: 
 0.0355661  -0.999678  0.0225569  0.0742851
 0.0426499 -0.0215897  -0.999447 -0.0552866
  0.999017  0.0370634  0.0412669 -0.0451888
         0          0          0          1
T_c1_i: 
 0.0379636  -0.999494   0.022871 -0.0217668
  0.042273 -0.0217326  -0.999369 -0.0555783
  0.998857  0.0393748   0.040919 -0.0457781
         0          0          0          1
theta_i_c0:  1.60692 -3.11847  1.61206
t_i_c0: 0.0447362 0.0746592 -0.055021
theta_i_c1:  1.60924 -3.11824  1.61172
t_i_c1:  0.0488385 -0.0211375 -0.0530879
