T_b_c0: 
 0.0110498  0.0408522   0.998504  0.0746576
  -0.99896  -0.026463  0.0115557   0.038873
 0.0275176  -0.998191  0.0411579 -0.0265656
         0          0          0          1
T_b_c1: 
 0.0140929  0.0402114   0.998639  0.0766325
 -0.999064 -0.0266885  0.0147332 -0.0573487
 0.0277153  -0.998363  0.0402805 -0.0239097
         0          0          0          1
theta_b_c0:  1.58186 -3.11406  1.61139
t_b_c0:  0.0746576   0.038873 -0.0265656
theta_b_c1:   1.5849 -3.11386  1.61066
t_b_c1:  0.0766325 -0.0573487 -0.0239097
T_b_i: 
   0.999547 -0.00702208  -0.0292586  -0.0130239
 0.00747968    0.999851   0.0155597  -0.0123516
  0.0291449  -0.0157715    0.999451   0.0149235
          0           0           0           1
gyro_bias: 0.000811209  0.00117313  0.00193017
accel_bias: -0.0388071   0.178496  0.0322318
g: 0.047672 -0.24961  9.75306
T_b_i: 
   0.999547 -0.00702208  -0.0292586  -0.0130239
 0.00747968    0.999851   0.0155597  -0.0123516
  0.0291449  -0.0157715    0.999451   0.0149235
          0           0           0           1
theta_b_i: 0.00748293 -0.0291491 -0.0157788
t_b_i: -0.0130239 -0.0123516  0.0149235
T_i_c0: 
0.00437486  0.0115435   0.999338  0.0868157
 -0.999323  -0.011003 0.00389332  0.0512556
 0.0116356   -0.99925  0.0121003 -0.0432347
         0          0          0          1
T_i_c1: 
0.00742161  0.0108964   0.999471  0.0881475
 -0.999451 -0.0112213 0.00708324 -0.0450075
 0.0117427  -0.999407  0.0112689 -0.0421352
         0          0          0          1
theta_i_c0:  1.57517 -3.12995   1.5823
t_i_c0:  0.0868157  0.0512556 -0.0432347
theta_i_c1:  1.57822 -3.12984  1.58161
t_i_c1:  0.0881475 -0.0450075 -0.0421352
